1101
1102
1216
1227
1229
1301
1303
1304
1310
1312
1315
1321
1323
1325
1326
1416
1423
1447
1454
1457
1459
1468
1471
1474
1558
1582
1608
1611
1618
1714
1726
1904
1905
1906
1907
2002
2009
2014
2027
2028
2103
2201
2207
2303
2308
2312
2317
2324
2327
2328
2330
2331
2337
2338
2340
2342
2344
2347
2351
2352
2353
2354
2356
2357
2360
2363
2368
2371
2376
2377
2379
2382
2385
2387
2392
2393
2404
2408
2409
2412
2414
2417
2423
2427
2428
2433
2439
2440
2441
2444
2449
2450
2451
2453
2454
2455
2456
2458
2459
2462
2472
2474
2476
2478
2484
2488
2489
2492
2493
2498
2501
2504
2505
2511
2515
2520
2535
2536
2545
2546
2548
2597
2603
2609
2610
2615
2616
2618
2633
2642
2704
2729
2820
2881
2882
2883
2886
2891
2892
2901
2903
2908
2912
2915
3002
3006
3008
3014
3015
3017
3022
3026
3028
3032
3033
3034
3035
3036
3037
3038
3042
3044
3045
3052
3056
3138
3231
3257
3376
3416
3438
3443
3479
3481
3501
3515
3545
3550
3576
3617
3645
3669
3679
3691
3704
3707
3711
3714
4414
4720
4904
4906
4915
4919
4930
4938
4939
4942
4952
4961
4967
4999
5234
5283
5347
5410
5469
5471
5483
5512
5515
5519
5521
5522
5531
5534
5903
6108
6111
6115
6116
6128
6136
6138
6147
6176
6187
6191
6192
6196
6197
6202
6206
6214
6215
6216
6239
6257
6274
6277
6278
6285
6290
6405
6409
6414
6415
6505
6531
6533
6706
8016
8039
8044
8046
8069
8070
8081
8104
8112
8210
8213
8271
8358
8383
9908
9919
9929
9943
9945
9958
